x,y
102.74368286132812,0.16980107128620148
