x,y
4,87.8973159790039
